0 0  5.8933000537421942E-01
0 1  1.3175722156052074E+00
0 2  2.3058370313636134E-01
0 3  9.3194246173750239E-01
1 1  1.3126670435517109E+00
1 2  9.9533450052718475E-01
1 3  1.4528934199010641E+00
2 2  1.8913663736368151E+00
2 3  1.1123834593583903E-01
3 3  1.3048372309313097E+00
0 0 0 0  5.5175136863487528E-01
0 1 0 1  4.8352862431000210E-01
0 2 0 2  1.4390392077532788E-01
0 3 0 3  6.5920539237602171E-01
1 1 1 1  5.6150890532636111E-01
1 2 1 2  1.9877387220034304E-01
1 3 1 3  2.9156996519808853E-02
2 2 2 2  6.7676238570296043E-01
2 3 2 3  5.8077482508672795E-01
3 3 3 3  2.7381319291778428E-01
