0 0  5.8933000537421942E-01
0 1  1.3175722156052074E+00
0 2  2.3058370313636134E-01
0 3  9.3194246173750239E-01
1 1  1.3126670435517109E+00
1 2  9.9533450052718475E-01
1 3  1.4528934199010641E+00
2 2  1.8913663736368151E+00
2 3  1.1123834593583903E-01
3 3  1.3048372309313097E+00
0 0 0 0  5.5175136863487528E-01
0 0 0 1  5.9751325323905102E-01
0 0 0 2  3.9604743604702652E-01
0 0 0 3  1.1847226487907647E-01
0 0 1 1  2.8298816085699119E-01
0 0 1 2  1.5090669442067706E-01
0 0 1 3  7.1877608322443465E-01
0 0 2 2  8.3136392231052103E-01
0 0 2 3  3.9037449127658452E-01
0 0 3 3  9.5433786555692424E-01
0 1 0 1  4.8352862431000210E-01
0 1 0 2  7.8870070967889960E-01
0 1 0 3  4.4499606612006881E-01
0 1 1 1  2.9772571830177164E-01
0 1 1 2  5.5241350215823770E-02
0 1 1 3  7.4357676513409654E-01
0 1 2 2  5.6799111972463101E-01
0 1 2 3  4.3725199216804089E-01
0 1 3 3  1.9744377751367526E-01
0 2 0 2  1.4390392077532788E-01
0 2 0 3  7.9726772999531015E-01
0 2 1 1  4.1848438534587695E-01
0 2 1 2  2.9231735450413854E-01
0 2 1 3  1.3394566757579296E-01
0 2 2 2  5.4499857393072038E-01
0 2 2 3  4.9287267416568414E-01
0 2 3 3  8.8386421773323720E-01
0 3 0 3  6.5920539237602171E-01
0 3 1 1  8.8798243415719902E-01
0 3 1 2  6.7978728263626387E-02
0 3 1 3  8.2930476390842822E-01
0 3 2 2  9.6078775646677816E-01
0 3 2 3  6.5702321918085338E-02
0 3 3 3  7.6819043942831222E-01
1 1 1 1  5.6150890532636111E-01
1 1 1 2  7.1803719370364572E-01
1 1 1 3  8.8773635188563693E-01
1 1 2 2  8.2339749212480773E-02
1 1 2 3  5.2063506351133182E-01
1 1 3 3  8.3325400630405055E-02
1 2 1 2  1.9877387220034304E-01
1 2 1 3  7.7697458060558022E-01
1 2 2 2  1.5895874456727543E-01
1 2 2 3  1.3042928220861905E-01
1 2 3 3  1.5696192950943710E-02
1 3 1 3  2.9156996519808853E-02
1 3 2 2  8.3799151219532508E-01
1 3 2 3  5.7928407774406998E-01
1 3 3 3  8.7204378595317045E-01
2 2 2 2  6.7676238570296043E-01
2 2 2 3  9.8438353099447218E-01
2 2 3 3  7.9559464735352436E-01
2 3 2 3  5.8077482508672795E-01
2 3 3 3  9.1611008638955527E-01
3 3 3 3  2.7381319291778428E-01
